213 842 77 540 612 135 936 878 330 192
478 152 948 406 633 702 374 297 498 607
74 960 249 782 505 805 460 154 117 273
109 335 647 305 766 215 120 481 19 513
242 960 753 447 62 939 236 561 611 441
377 355 234 60 71 875 194 258 376 620
47 304 309 114 661 204 167 352 326 979
705 447 942 422 187 136 698 984 766 880
514 602 347 717 442 567 83 328 499 66
108 876 192 875 76 238 36 219 183 995
452 497 607 419 582 813 362 754 79 954
264 93 114 406 415 56 687 366 725 633
218 203 865 89 450 773 434 438 661 62
301 44 420 124 902 477 287 25 700 566
199 880 340 125 56 233 781 606 660 177
100 942 561 212 43 144 593 99 377 289
298 772 643 84 154 426 801 383 114 421
274 415 758 309 31 752 647 581 92 13
889 342 345 660 414 242 682 144 900 701
82 936 183 180 75 194 731 625 528 676
491 22 60 781 314 157 851 124 336 932
39 671 56 310 823 108 788 688 492 842
133 567 199 713 9 616 100 456 354 728
427 394 720 474 506 604 208 95 878 66
277 407 82 177 148 303 462 97 749 568
368 503 629 901 670 73 281 924 13 709
874 104 242 414 739 12 523 611 288 90
11 889 676 431 618 341 288 752 390 624
374 267 418 289 987 745 401 123 145 822
547 468 772 412 947 230 847 31 82 94
645 583 677 780 19 964 524 90 761 666
337 16 170 902 192 45 510 17 803 148
421 125 325 674 215 418 94 888 641 707
118 10 145 784 459 641 112 931 620 381
559 310 537 65 321 98 439 226 196 253
740 500 356 335 37 905 749 304 781 285
215 802 670 49 992 679 355 408 165 340
281 7 577 444 21 82 903 243 381 707
519 321 855 678 390 97 163 493 15 687
416 56 404 115 689 123 852 33 599 20
861 932 100 294 345 164 758 263 808 288
135 902 246 351 29 482 716 732 79 477
108 23 523 626 589 370 96 914 345 24
154 960 50 317 61 86 790 244 785 615
123 687 493 51 666 289 101 433 729 52
978 267 320 102 742 377 860 178 74 333
28 143 681 955 633 114 259 567 822 88
416 276 620 244 108 348 419 714 927 318
213 842 77 540 612 135 936 878 330 192
478 152 948 406 633 702 374 297 498 607
74 960 249 782 505 805 460 154 117 273
109 335 647 305 766 215 120 481 19 513
242 960 753 447 62 939 236 561 611 441
377 355 234 60 71 875 194 258 376 620
47 304 309 114 661 204 167 352 326 979
705 447 942 422 187 136 698 984 766 880
514 602 347 717 442 567 83 328 499 66
108 876 192 875 76 238 36 219 183 995
452 497 607 419 582 813 362 754 79 954
264 93 114 406 415 56 687 366 725 633
218 203 865 89 450 773 434 438 661 62
301 44 420 124 902 477 287 25 700 566
199 880 340 125 56 233 781 606 660 177
100 942 561 212 43 144 593 99 377 289
298 772 643 84 154 426 801 383 114 421
274 415 758 309 31 752 647 581 92 13
889 342 345 660 414 242 682 144 900 701
82 936 183 180 75 194 731 625 528 676
491 22 60 781 314 157 851 124 336 932
39 671 56 310 823 108 788 688 492 842
133 567 199 713 9 616 100 456 354 728
427 394 720 474 506 604 208 95 878 66
277 407 82 177 148 303 462 97 749 568
368 503 629 901 670 73 281 924 13 709
874 104 242 414 739 12 523 611 288 90
11 889 676 431 618 341 288 752 390 624
374 267 418 289 987 745 401 123 145 822
547 468 772 412 947 230 847 31 82 94
645 583 677 780 19 964 524 90 761 666
337 16 170 902 192 45 510 17 803 148
421 125 325 674 215 418 94 888 641 707
118 10 145 784 459 641 112 931 620 381
559 310 537 65 321 98 439 226 196 253
740 500 356 335 37 905 749 304 781 285
215 802 670 49 992 679 355 408 165 340
281 7 577 444 21 82 903 243 381 707
519 321 855 678 390 97 163 493 15 687
416 56 404 115 689 123 852 33 599 20
861 932 100 294 345 164 758 263 808 288
135 902 246 351 29 482 716 732 79 477
108 23 523 626 589 370 96 914 345 24
154 960 50 317 61 86 790 244 785 615
123 687 493 51 666 289 101 433 729 52
978 267 320 102 742 377 860 178 74 333
28 143 681 955 633 114 259 567 822 88
416 276 620 244 108 348 419 714 927 318
213 842 77 540 612 135 936 878 330 192
478 152 948 406 633 702 374 297 498 607
74 960 249 782 505 805 460 154 117 273
109 335 647 305 766 215 120 481 19 513
242 960 753 447 62 939 236 561 611 441
377 355 234 60 71 875 194 258 376 620
47 304 309 114 661 204 167 352 326 979
705 447 942 422 187 136 698 984 766 880
514 602 347 717 442 567 83 328 499 66
108 876 192 875 76 238 36 219 183 995
452 497 607 419 582 813 362 754 79 954
264 93 114 406 415 56 687 366 725 633
218 203 865 89 450 773 434 438 661 62
301 44 420 124 902 477 287 25 700 566
199 880 340 125 56 233 781 606 660 177
100 942 561 212 43 144 593 99 377 289
298 772 643 84 154 426 801 383 114 421
274 415 758 309 31 752 647 581 92 13
889 342 345 660 414 242 682 144 900 701
82 936 183 180 75 194 731 625 528 676
491 22 60 781 314 157 851 124 336 932
39 671 56 310 823 108 788 688 492 842
133 567 199 713 9 616 100 456 354 728
427 394 720 474 506 604 208 95 878 66
277 407 82 177 148 303 462 97 749 568
368 503 629 901 670 73 281 924 13 709
874 104 242 414 739 12 523 611 288 90
11 889 676 431 618 341 288 752 390 624
374 267 418 289 987 745 401 123 145 822
547 468 772 412 947 230 847 31 82 94
645 583 677 780 19 964 524 90 761 666
337 16 170 902 192 45 510 17 803 148
421 125 325 674 215 418 94 888 641 707
118 10 145 784 459 641 112 931 620 381
559 310 537 65 321 98 439 226 196 253
740 500 356 335 37 905 749 304 781 285
215 802 670 49 992 679 355 408 165 340
281 7 577 444 21 82 903 243 381 707
519 321 855 678 390 97 163 493 15 687
416 56 404 115 689 123 852 33 599 20
861 932 100 294 345 164 758 263 808 288
135 902 246 351 29 482 716 732 79 477
108 23 523 626 589 370 96 914 345 24
154 960 50 317 61 86 790 244 785 615
123 687 493 51 666 289 101 433 729 52
978 267 320 102 742 377 860 178 74 333
28 143 681 955 633 114 259 567 822 88
416 276 620 244 108 348 419 714 927 318
213 842 77 540 612 135 936 878 330 192
478 152 948 406 633 702 374 297 498 607
74 960 249 782 505 805 460 154 117 273
109 335 647 305 766 215 120 481 19 513
242 960 753 447 62 939 236 561 611 441
377 355 234 60 71 875 194 258 376 620
47 304 309 114 661 204 167 352 326 979
705 447 942 422 187 136 698 984 766 880
514 602 347 717 442 567 83 328 499 66
108 876 192 875 76 238 36 219 183 995
452 497 607 419 582 813 362 754 79 954
264 93 114 406 415 56 687 366 725 633
218 203 865 89 450 773 434 438 661 62
301 44 420 124 902 477 287 25 700 566
199 880 340 125 56 233 781 606 660 177
100 942 561 212 43 144 593 99 377 289
298 772 643 84 154 426 801 383 114 421
274 415 758 309 31 752 647 581 92 13
889 342 345 660 414 242 682 144 900 701
82 936 183 180 75 194 731 625 528 676
491 22 60 781 314 157 851 124 336 932
39 671 56 310 823 108 788 688 492 842
133 567 199 713 9 616 100 456 354 728
427 394 720 474 506 604 208 95 878 66
277 407 82 177 148 303 462 97 749 568
368 503 629 901 670 73 281 924 13 709
874 104 242 414 739 12 523 611 288 90
11 889 676 431 618 341 288 752 390 624
374 267 418 289 987 745 401 123 145 822
547 468 772 412 947 230 847 31 82 94
645 583 677 780 19 964 524 90 761 666
337 16 170 902 192 45 510 17 803 148
421 125 325 674 215 418 94 888 641 707
118 10 145 784 459 641 112 931 620 381
559 310 537 65 321 98 439 226 196 253
740 500 356 335 37 905 749 304 781 285
215 802 670 49 992 679 355 408 165 340
281 7 577 444 21 82 903 243 381 707
519 321 855 678 390 97 163 493 15 687
416 56 404 115 689 123 852 33 599 20
861 932 100 294 345 164 758 263 808 288
135 902 246 351 29 482 716 732 79 477
108 23 523 626 589 370 96 914 345 24
154 960 50 317 61 86 790 244 785 615
123 687 493 51 666 289 101 433 729 52
978 267 320 102 742 377 860 178 74 333
28 143 681 955 633 114 259 567 822 88
416 276 620 244 108 348 419 714 927 318
213 842 77 540 612 135 936 878 330 192
478 152 948 406 633 702 374 297 498 607
74 960 249 782 505 805 460 154 117 273
109 335 647 305 766 215 120 481 19 513
242 960 753 447 62 939 236 561 611 441
377 355 234 60 71 875 194 258 376 620
47 304 309 114 661 204 167 352 326 979
705 447 942 422 187 136 698 984 766 880
514 602 347 717 442 567 83 328 499 66
108 876 192 875 76 238 36 219 183 995
452 497 607 419 582 813 362 754 79 954
264 93 114 406 415 56 687 366 725 633
218 203 865 89 450 773 434 438 661 62
301 44 420 124 902 477 287 25 700 566
199 880 340 125 56 233 781 606 660 177
100 942 561 212 43 144 593 99 377 289
298 772 643 84 154 426 801 383 114 421
274 415 758 309 31 752 647 581 92 13
889 342 345 660 414 242 682 144 900 701
82 936 183 180 75 194 731 625 528 676
491 22 60 781 314 157 851 124 336 932
39 671 56 310 823 108 788 688 492 842
133 567 199 713 9 616 100 456 354 728
427 394 720 474 506 604 208 95 878 66
277 407 82 177 148 303 462 97 749 568
368 503 629 901 670 73 281 924 13 709
874 104 242 414 739 12 523 611 288 90
11 889 676 431 618 341 288 752 390 624
374 267 418 289 987 745 401 123 145 822
547 468 772 412 947 230 847 31 82 94
645 583 677 780 19 964 524 90 761 666
337 16 170 902 192 45 510 17 803 148
421 125 325 674 215 418 94 888 641 707
118 10 145 784 459 641 112 931 620 381
559 310 537 65 321 98 439 226 196 253
740 500 356 335 37 905 749 304 781 285
215 802 670 49 992 679 355 408 165 340
281 7 577 444 21 82 903 243 381 707
519 321 855 678 390 97 163 493 15 687
416 56 404 115 689 123 852 33 599 20
861 932 100 294 345 164 758 263 808 288
135 902 246 351 29 482 716 732 79 477
108 23 523 626 589 370 96 914 345 24
154 960 50 317 61 86 790 244 785 615
123 687 493 51 666 289 101 433 729 52
978 267 320 102 742 377 860 178 74 333
28 143 681 955 633 114 259 567 822 88
416 276 620 244 108 348 419 714 927 318
213 842 77 540 612 135 936 878 330 192
478 152 948 406 633 702 374 297 498 607
74 960 249 782 505 805 460 154 117 273
109 335 647 305 766 215 120 481 19 513
242 960 753 447 62 939 236 561 611 441
377 355 234 60 71 875 194 258 376 620
47 304 309 114 661 204 167 352 326 979
705 447 942 422 187 136 698 984 766 880
514 602 347 717 442 567 83 328 499 66
108 876 192 875 76 238 36 219 183 995
452 497 607 419 582 813 362 754 79 954
264 93 114 406 415 56 687 366 725 633
218 203 865 89 450 773 434 438 661 62
301 44 420 124 902 477 287 25 700 566
199 880 340 125 56 233 781 606 660 177
100 942 561 212 43 144 593 99 377 289
298 772 643 84 154 426 801 383 114 421
274 415 758 309 31 752 647 581 92 13
889 342 345 660 414 242 682 144 900 701
82 936 183 180 75 194 731 625 528 676
491 22 60 781 314 157 851 124 336 932
39 671 56 310 823 108 788 688 492 842
133 567 199 713 9 616 100 456 354 728
427 394 720 474 506 604 208 95 878 66
277 407 82 177 148 303 462 97 749 568
368 503 629 901 670 73 281 924 13 709
874 104 242 414 739 12 523 611 288 90
11 889 676 431 618 341 288 752 390 624
374 267 418 289 987 745 401 123 145 822
547 468 772 412 947 230 847 31 82 94
645 583 677 780 19 964 524 90 761 666
337 16 170 902 192 45 510 17 803 148
421 125 325 674 215 418 94 888 641 707
118 10 145 784 459 641 112 931 620 381
559 310 537 65 321 98 439 226 196 253
740 500 356 335 37 905 749 304 781 285
215 802 670 49 992 679 355 408 165 340
281 7 577 444 21 82 903 243 381 707
519 321 855 678 390 97 163 493 15 687
416 56 404 115 689 123 852 33 599 20
861 932 100 294 345 164 758 263 808 288
135 902 246 351 29 482 716 732 79 477
108 23 523 626 589 370 96 914 345 24
154 960 50 317 61 86 790 244 785 615
123 687 493 51 666 289 101 433 729 52
978 267 320 102 742 377 860 178 74 333
28 143 681 955 633 114 259 567 822 88
416 276 620 244 108 348 419 714 927 318
213 842 77 540 612 135 936 878 330 192
478 152 948 406 633 702 374 297 498 607
74 960 249 782 505 805 460 154 117 273
109 335 647 305 766 215 120 481 19 513
242 960 753 447 62 939 236 561 611 441
377 355 234 60 71 875 194 258 376 620
47 304 309 114 661 204 167 352 326 979
705 447 942 422 187 136 698 984 766 880
514 602 347 717 442 567 83 328 499 66
108 876 192 875 76 238 36 219 183 995
452 497 607 419 582 813 362 754 79 954
264 93 114 406 415 56 687 366 725 633
218 203 865 89 450 773 434 438 661 62
301 44 420 124 902 477 287 25 700 566
199 880 340 125 56 233 781 606 660 177
100 942 561 212 43 144 593 99 377 289
298 772 643 84 154 426 801 383 114 421
274 415 758 309 31 752 647 581 92 13
889 342 345 660 414 242 682 144 900 701
82 936 183 180 75 194 731 625 528 676
491 22 60 781 314 157 851 124 336 932
39 671 56 310 823 108 788 688 492 842
133 567 199 713 9 616 100 456 354 728
427 394 720 474 506 604 208 95 878 66
277 407 82 177 148 303 462 97 749 568
368 503 629 901 670 73 281 924 13 709
874 104 242 414 739 12 523 611 288 90
11 889 676 431 618 341 288 752 390 624
374 267 418 289 987 745 401 123 145 822
547 468 772 412 947 230 847 31 82 94
645 583 677 780 19 964 524 90 761 666
337 16 170 902 192 45 510 17 803 148
421 125 325 674 215 418 94 888 641 707
118 10 145 784 459 641 112 931 620 381
559 310 537 65 321 98 439 226 196 253
740 500 356 335 37 905 749 304 781 285
215 802 670 49 992 679 355 408 165 340
281 7 577 444 21 82 903 243 381 707
519 321 855 678 390 97 163 493 15 687
416 56 404 115 689 123 852 33 599 20
861 932 100 294 345 164 758 263 808 288
135 902 246 351 29 482 716 732 79 477
108 23 523 626 589 370 96 914 345 24
154 960 50 317 61 86 790 244 785 615
123 687 493 51 666 289 101 433 729 52
978 267 320 102 742 377 860 178 74 333
28 143 681 955 633 114 259 567 822 88
416 276 620 244 108 348 419 714 927 999
